    a b b c d e a f b c d z x y c c d
  0 0 0 0 0 0 0 0 0 0 0 0 0 0 0 0 0 0 
a 0 1 1 1 1 1 1 1 1 1 1 1 1 1 1 1 1 1 
b 0 1 2 2 2 2 2 2 2 2 2 2 2 2 2 2 2 2 
b 0 1 2 3 3 3 3 3 3 3 3 3 3 3 3 3 3 3 
c 0 1 2 3 4 4 4 4 4 4 4 4 4 4 4 4 4 4 
d 0 1 2 3 4 5 5 5 5 5 5 5 5 5 5 5 5 5 
e 0 1 2 3 4 5 6 6 6 6 6 6 6 6 6 6 6 6 
f 0 1 2 3 4 5 6 6 7 7 7 7 7 7 7 7 7 7 
a 0 1 2 3 4 5 6 7 7 7 7 7 7 7 7 7 7 7 
b 0 1 2 3 4 5 6 7 7 8 8 8 8 8 8 8 8 8 
c 0 1 2 3 4 5 6 7 7 8 9 9 9 9 9 9 9 9 
d 0 1 2 3 4 5 6 7 7 8 9 10 10 10 10 10 10 10 
x 0 1 2 3 4 5 6 7 7 8 9 10 10 11 11 11 11 11 
z 0 1 2 3 4 5 6 7 7 8 9 10 11 11 11 11 11 11 
y 0 1 2 3 4 5 6 7 7 8 9 10 11 11 12 12 12 12 
c 0 1 2 3 4 5 6 7 7 8 9 10 11 11 12 13 13 13 
c 0 1 2 3 4 5 6 7 7 8 9 10 11 11 12 13 14 14 
d 0 1 2 3 4 5 6 7 7 8 9 10 11 11 12 13 14 15
